image_width: 1280
image_height: 960
camera_name: 00b09d0100af32c9
camera_matrix:
  rows: 3
  cols: 3
  data: [1744.94911431499, 0, 670.505837449343, 0, 1749.0483427814, 501.185828263797, 0, 0, 1]
distortion_model: plumb_bob
distortion_coefficients:
  rows: 1
  cols: 5
  data: [-0.261033637489809, 0.624983474362777, -0.0018675707895978, -0.00322366650325811, 0]
rectification_matrix:
  rows: 3
  cols: 3
  data: [0.999829883819202, -0.00185023767893605, 0.0183515678516286, 0.00206091659847411, 0.99993211765606, -0.0114678987893227, -0.0183291037657496, 0.0115037689649724, 0.99976582620869]
projection_matrix:
  rows: 3
  cols: 4
  data: [1821.38942727253, 0, 654.058486938477, 0, 0, 1821.38942727253, 512.62890625, 0, 0, 0, 1, 0]