image_width: 1280
image_height: 960
camera_name: 00b09d0100b74b85
camera_matrix:
  rows: 3
  cols: 3
  data: [1786.99662873188, 0, 646.071933197952, 0, 1790.61254446547, 527.767796978499, 0, 0, 1]
distortion_model: plumb_bob
distortion_coefficients:
  rows: 1
  cols: 5
  data: [-0.215422386517489, 0.43296371398372, 0.000738160255900193, -0.00276916225414452, 0]
rectification_matrix:
  rows: 3
  cols: 3
  data: [0.999838601192573, 0.00526243790921648, -0.0171778436519358, -0.00506477250623475, 0.999920697097658, 0.011530290334328, 0.0172371588360379, -0.011441427488974, 0.999785964140463]
projection_matrix:
  rows: 3
  cols: 4
  data: [1821.38942727253, 0, 654.058486938477, -1311.5395798651, 0, 1821.38942727253, 512.62890625, 0, 0, 0, 1, 0]